Dependencies

Neutral Scores
Precision : 0.35260115606936415
Recall :  0.1796759941089838
F1 : 0.23804878048780487
Entailment Scores
Precision : 0.33998070119009327
Recall :  0.6276722090261283
F1 : 0.44105987899019405
contradiction Scores
Precision : 0.33771929824561403
Recall :  0.21408711770157554
F1 : 0.2620533182076007
Macro F1
0.3419496943090646